2 3
0 0 1
1 0 0

5 4
1 3
1 4
4 3
5 2




9 13
1 2
2 3
3 1
1 4
4 5
5 1
1 7
7 6
6 1
5 6
6 8
8 9
9 6
3
2 3
3 4
6 4


6 7 1
1 2 3
2 3 1
3 1 0
4 5 3
4 6 2
6 5 1
5 3 1



6 7
1 2 1
2 3 1
3 4 1
1 4 4
4 5 1
6 5 1
6 1 3

3 3 1
1 3 2
2 3 1
1 2 1


14 17
1 2
2 3
3 4
4 5
5 6
6 7
7 8
8 9
9 10
10 11
11 12
12 13
13 14
4 1
7 3
11 5
14 9
16 15 14 12 11 10 8 7 5 4 3 2 1 6 


3 3
1 2 10 3000220
2 3 20 3000201
1 3 1 3000099


6 7
1 2
2 3
3 4
4 2
4 5
5 6
6 3
4 2 3 1 3 0

7 9
1 2
2 3
3 1
3 4
4 5
5 3
3 6
6 7
7 3
3 1 2 4 5 6 7