Afghanistan,5,1,648,16,10,2,0,3,5,1,1,0,1,1,1,0,green,0,0,0,0,1,0,0,1,0,0,black,green
Algeria,4,1,2388,20,8,2,2,0,3,1,1,0,0,1,0,0,green,0,0,0,0,1,1,0,0,0,0,green,white
Bahrain,5,1,1,0,8,2,0,0,2,1,0,0,0,1,0,0,red,0,0,0,0,0,0,0,0,0,0,white,red
Bangladesh,5,1,143,90,6,2,0,0,2,1,1,0,0,0,0,0,green,1,0,0,0,0,0,0,0,0,0,green,green
Brunei,5,1,6,0,10,2,0,0,4,1,0,0,1,1,1,0,gold,0,0,0,0,0,0,1,1,1,1,white,gold
Comorro-Islands,4,2,2,0,3,2,0,0,2,0,1,0,0,1,0,0,green,0,0,0,0,4,1,0,0,0,0,green,green
Djibouti,4,1,22,0,3,2,0,0,4,1,1,1,0,1,0,0,blue,0,0,0,0,1,0,1,0,0,0,white,green
Egypt,4,1,1001,47,8,2,0,3,4,1,0,0,1,1,1,0,black,0,0,0,0,0,0,0,0,1,1,red,black
Guinea,4,4,246,6,3,2,3,0,3,1,1,0,1,0,0,0,gold,0,0,0,0,0,0,0,0,0,0,red,green
Indonesia,6,2,1904,157,10,2,0,2,2,1,0,0,0,1,0,0,red,0,0,0,0,0,0,0,0,0,0,red,white
Iran,5,1,1648,39,6,2,0,3,3,1,1,0,0,1,0,0,red,0,0,0,0,0,0,0,1,0,1,green,red
Iraq,5,1,435,14,8,2,0,3,4,1,1,0,0,1,1,0,red,0,0,0,0,3,0,0,0,0,0,red,black
Jordan,5,1,98,2,8,2,0,3,4,1,1,0,0,1,1,0,black,0,0,0,0,1,0,1,0,0,0,black,green
Kuwait,5,1,18,2,8,2,0,3,4,1,1,0,0,1,1,0,green,0,0,0,0,0,0,0,0,0,0,green,red
Lebanon,5,1,10,3,8,2,0,2,4,1,1,0,0,1,0,1,red,0,0,0,0,0,0,0,0,1,0,red,red
Libya,4,1,1760,3,8,2,0,0,1,0,1,0,0,0,0,0,green,0,0,0,0,0,0,0,0,0,0,green,green
Malaysia,5,1,333,13,10,2,0,14,4,1,0,1,1,1,0,0,red,0,0,0,1,1,1,0,0,0,0,blue,white
Maldive-Islands,5,1,0,0,10,2,0,0,3,1,1,0,0,1,0,0,red,0,0,0,0,0,1,0,0,0,0,red,red
Mali,4,4,1240,7,3,2,3,0,3,1,1,0,1,0,0,0,gold,0,0,0,0,0,0,0,0,0,0,green,red
Mauritania,4,4,1031,2,8,2,0,0,2,0,1,0,1,0,0,0,green,0,0,0,0,1,1,0,0,0,0,green,green
Morocco,4,4,447,20,8,2,0,0,2,1,1,0,0,0,0,0,red,0,0,0,0,1,0,0,0,0,0,red,red
Niger,4,1,1267,5,3,2,0,3,3,0,1,0,0,1,0,1,orange,1,0,0,0,0,0,0,0,0,0,orange,green
Nigeria,4,1,925,56,10,2,3,0,2,0,1,0,0,1,0,0,green,0,0,0,0,0,0,0,0,0,0,green,green
North-Yemen,5,1,195,9,8,2,0,3,4,1,1,0,0,1,1,0,red,0,0,0,0,1,0,0,0,0,0,red,black
Oman,5,1,212,1,8,2,0,2,3,1,1,0,0,1,0,0,red,0,0,0,0,0,0,0,1,0,0,red,green
Pakistan,5,1,804,84,6,2,1,0,2,0,1,0,0,1,0,0,green,0,0,0,0,1,1,0,0,0,0,white,green
Qatar,5,1,11,0,8,2,0,0,2,0,0,0,0,1,0,1,brown,0,0,0,0,0,0,0,0,0,0,white,brown
Saudi-Arabia,5,1,2150,9,8,2,0,0,2,0,1,0,0,1,0,0,green,0,0,0,0,0,0,0,1,0,1,green,green
Senegal,4,4,196,6,3,2,3,0,3,1,1,0,1,0,0,0,green,0,0,0,0,1,0,0,0,0,0,green,red
Somalia,4,1,637,5,10,2,0,0,2,0,0,1,0,1,0,0,blue,0,0,0,0,1,0,0,0,0,0,blue,blue
South-Yemen,5,1,288,2,8,2,0,3,4,1,0,1,0,1,1,0,red,0,0,0,0,1,0,1,0,0,0,red,black
Sudan,4,1,2506,20,8,2,0,3,4,1,1,0,0,1,1,0,red,0,0,0,0,0,0,1,0,0,0,red,black
Syria,5,1,185,10,8,2,0,3,4,1,1,0,0,1,1,0,red,0,0,0,0,2,0,0,0,0,0,red,black
Tunisia,4,1,164,7,8,2,0,0,2,1,0,0,0,1,0,0,red,1,0,0,0,1,1,0,0,0,0,red,red
Turkey,5,1,781,45,9,2,0,0,2,1,0,0,0,1,0,0,red,0,0,0,0,1,1,0,0,0,0,red,red
UAE,5,1,84,1,8,2,1,3,4,1,1,0,0,1,1,0,green,0,0,0,0,0,0,0,0,0,0,red,black
